// Seth Holton's Challenge #1
// Me as a silly little goblin. Just kind of aimed for
// the style I usually doodle faces in.

//Window Size & Color
size(500, 500);
background(255, 210, 255);

//Ears (background)
noStroke();
fill(160, 240, 160);
triangle(200, 165, 25, 100, 150, 300);
triangle(300, 165, 475, 100, 350, 300);
triangle(380, 250, 400, 150, 425, 230);
triangle(120, 250, 100, 150, 75, 230);

  //Ear Holes
  fill(160, 210, 160);
  triangle(160, 200, 110, 180, 125, 200);
  triangle(160, 200, 110, 180, 130, 160);
  
  triangle(340, 200, 390, 180, 375, 200);
  triangle(340, 200, 390, 180, 370, 160);

//Ears (foreground)
fill(150, 255, 150);
 triangle(175, 175, 120, 180, 160, 200);
 triangle(175, 175, 120, 180, 130, 160);
 triangle(25, 100, 200, 165, 200, 200);
 
 triangle(325, 175, 380, 180, 340, 200);
 triangle(325, 175, 380, 180, 370, 160);
 triangle(475, 100, 300, 165, 300, 200);

  //Head Shape
  fill(150, 255, 150);
rect(200, 150, 100, 25);
triangle(200, 150, 200, 175, 175, 175);
triangle(300, 150, 300, 175, 325, 175);
triangle(325, 175, 325, 200, 375, 200);
triangle(175, 175, 175, 200, 125, 200);
rect(175, 175, 150, 25);
triangle(125, 200, 125, 212, 120, 212);
triangle(375, 200, 375, 212, 380, 212);
rect(125, 200, 250, 12);
triangle(125, 230, 125, 212, 120, 212);
triangle(375, 230, 375, 212, 380, 212);
rect(125, 212, 250, 18);
triangle(125, 230, 125, 250, 50, 250);
triangle(375, 230, 375, 250, 450, 250);
rect(125, 230, 250, 20);
triangle(50, 250, 50, 275, 40, 275);
triangle(450, 250, 450, 275, 460, 275);
rect(50, 250, 400, 25);
triangle(40, 275, 200, 325, 200, 275);
triangle(460, 275, 300, 275, 300, 325);
rect(200, 275, 100, 50);

//Eyes
fill(0);
triangle(140, 220, 175, 200, 175, 205);
triangle(175, 200, 175, 205, 230, 205);
triangle(360, 220, 325, 200, 325, 205);
triangle(325, 200, 325, 205, 270, 205);


//Mouth
fill(255, 0, 0);
triangle(65, 265, 190, 250, 190, 230);
triangle(190, 250, 190, 230, 250, 265);
triangle(190, 230, 250, 265, 250, 260);

triangle(445, 265, 310, 250, 310, 230);
triangle(310, 250, 310, 230, 250, 265);
triangle(310, 230, 250, 265, 250, 260);

triangle(65, 265, 210, 292.5, 210, 310);
triangle(205, 295, 210, 310, 225, 292.5);
triangle(190, 292.5, 220, 290, 250, 300);
triangle(225, 292.5, 250, 300, 210, 310);

triangle(445, 265, 290, 292.5, 290, 310);
triangle(295, 295, 290, 310, 275, 292.5);
triangle(310, 292.5, 280, 290, 250, 300);
triangle(275, 292.5, 250, 300, 290, 310);

rect(220, 290, 58.5, 10);
triangle(220, 290, 278.5, 290, 250, 288);

fill(200, 0, 0);
triangle(65, 265, 190, 250, 210, 292.5);
triangle(190, 250, 250, 265, 210, 292.5);
triangle(250, 265, 210, 292.5, 250, 288);

triangle(445, 265, 310, 250, 290, 292.5);
triangle(310, 250, 250, 265, 290, 292.5);
triangle(250, 265, 290, 292.5, 250, 288);

stroke(200, 0, 0);
strokeWeight(1.5);
line(250, 265, 210, 292.5);
line(250, 265, 290, 292.5);
line(190, 250, 210, 292.5);
line(310, 250, 290, 292.5);
noStroke();

//Contour lines
fill(160, 245, 160);
triangle(145, 190, 172.5, 177.5, 177.5, 180);
triangle(172.5, 177.5, 177.5, 180, 185, 167.5);

triangle(355, 190, 327.5, 177.5, 322.5, 180);
triangle(327.5, 177.5, 322.5, 180, 315, 167.5);
